,City,Cloudiness,Country,Date,Humidity,Lat,Lng,Max Temp,Wind Speed
0,Liaoyang,100,CN,1559779320,78,41.27,123.17,71.6,6.71
1,Zyryanka,69,RU,1559779321,47,65.73,150.89,52.43,9.64
2,Butaritari,46,KI,1559779322,79,3.07,172.79,85.19,16.24
3,Hermanus,54,ZA,1559779323,99,-34.42,19.24,51.01,5.99
4,Geraldton,40,CA,1559779325,32,49.72,-86.95,66.2,4.7
5,Parker,1,US,1559779326,54,39.52,-104.76,75.99,9.17
6,Teguldet,60,RU,1559779327,61,57.31,88.17,58.73,5.06
7,Pevek,0,RU,1559779328,82,69.7,170.27,33.71,3.83
8,Ponta Delgada,20,PT,1559779329,82,37.73,-25.67,62.6,14.99
9,Torbay,75,CA,1559779330,58,47.66,-52.73,55.4,16.11
10,Saldanha,13,PT,1559779331,74,41.42,-6.55,45.59,2.89
11,Faanui,11,PF,1559779333,79,-16.48,-151.75,81.59,18.86
12,Hilo,90,US,1559779334,88,19.71,-155.08,78.01,5.82
13,Sao Filipe,0,CV,1559779335,84,14.9,-24.5,74.39,11.79
14,Hazorasp,0,UZ,1559779336,28,41.32,61.08,69.8,6.93
15,Busselton,100,AU,1559779337,16,-33.64,115.35,66.0,37.92
16,Kangaba,29,ML,1559779338,47,11.94,-8.41,87.17,7.61
17,Qaanaaq,96,GL,1559779339,78,77.48,-69.36,27.05,1.19
18,Kahului,75,US,1559779220,62,20.89,-156.47,91.4,13.87
19,Provideniya,75,RU,1559779342,81,64.42,-173.23,42.8,11.18
20,Portland,75,US,1559779331,55,45.52,-122.67,66.2,3.36
21,Tuktoyaktuk,40,CA,1559779344,50,69.44,-133.03,55.4,9.17
22,Bobon,100,PH,1559779345,76,12.53,124.56,82.85,4.61
23,Odessa,20,US,1559779280,37,31.85,-102.37,89.6,4.7
24,Aberdeen,1,US,1559779347,25,45.47,-98.49,84.2,5.82
25,Cape Town,40,ZA,1559779091,87,-33.93,18.42,55.0,3.36
26,Lai,100,CN,1559779350,97,27.82,91.75,34.07,0.94
27,Thunder Bay,75,CA,1559779351,49,48.41,-89.26,68.0,5.82
28,Jamestown,0,AU,1559779224,67,-33.21,138.6,48.47,4.52
29,Rikitea,100,PF,1559779192,84,-23.12,-134.97,76.91,13.04
30,Lakes Entrance,98,AU,1559779354,83,-37.88,147.99,55.0,1.01
31,Atuona,26,PF,1559779355,76,-9.8,-139.03,82.49,18.68
32,Hasaki,75,JP,1559779356,78,35.73,140.83,77.0,3.36
33,Oga,100,NG,1559779357,92,8.18,5.65,73.85,7.9
34,Avarua,4,CK,1559779359,69,-21.21,-159.78,78.8,12.75
35,Berlevag,1,NO,1559779360,82,70.86,29.09,41.27,9.48
36,Barrow,100,AR,1559779361,87,-38.31,-60.23,55.31,8.1
37,Hithadhoo,46,MV,1559779362,79,-0.6,73.08,83.93,12.5
38,Katsuura,20,JP,1559779363,78,33.93,134.5,77.0,10.29
39,Gbarnga,81,LR,1559779364,99,7.0,-9.47,71.51,1.72
40,Bosaso,86,SO,1559779365,67,11.28,49.18,88.61,10.4
41,Kaitangata,92,NZ,1559779366,66,-46.28,169.85,51.01,5.01
42,Albany,90,US,1559779368,73,42.65,-73.75,73.99,4.7
43,Hamilton,90,CA,1559779154,93,43.26,-79.87,66.0,3.36
44,Barabinsk,38,RU,1559779370,88,55.35,78.35,56.57,3.4
45,Bluff,100,AU,1559779371,48,-23.58,149.07,62.69,19.13
46,Vaini,92,IN,1559779372,87,15.34,74.49,80.33,1.68
47,Bredasdorp,52,ZA,1559779373,87,-34.53,20.04,51.8,6.93
48,Nikolskoye,0,RU,1559779375,72,59.7,30.79,60.8,1.01
49,Shingu,0,JP,1559779376,78,33.72,135.99,75.2,6.93
50,Ponta do Sol,0,BR,1559779121,90,-20.63,-46.0,53.87,5.17
51,Klaksvik,93,FO,1559779378,93,62.23,-6.59,44.6,6.93
52,Upernavik,100,GL,1559779379,73,72.79,-56.15,40.91,2.33
53,Yar-Sale,100,RU,1559779380,94,66.83,70.83,34.07,11.14
54,Punta Arenas,0,CL,1559779381,75,-53.16,-70.91,41.0,11.41
55,College,40,US,1559779382,29,64.86,-147.8,70.0,6.93
56,Bichura,100,RU,1559779383,68,50.59,107.6,47.75,1.86
57,Severo-Kurilsk,99,RU,1559779385,98,50.68,156.12,41.27,9.26
58,Mogadishu,97,SO,1559779386,83,2.04,45.34,77.81,12.77
59,Werda,5,DE,1559779387,72,50.44,12.3,71.01,4.7
60,Ixtapa,90,MX,1559779388,78,20.71,-105.21,78.8,11.41
61,Khatanga,27,RU,1559779389,54,71.98,102.47,53.15,4.72
62,Awjilah,0,LY,1559779390,36,29.14,21.3,78.17,8.97
63,Waupun,1,US,1559779392,61,43.63,-88.73,82.4,5.88
64,Georgetown,40,GY,1559779156,83,6.8,-58.16,82.4,11.41
65,Cabo San Lucas,5,MX,1559779343,60,22.89,-109.91,84.0,16.11
66,Tazovskiy,88,RU,1559779395,81,67.47,78.7,42.71,6.89
67,Itapirapua,0,BR,1559779397,56,-15.82,-50.61,69.71,8.05
68,Deputatskiy,0,RU,1559779398,38,69.3,139.9,45.05,9.17
69,Westport,100,IE,1559779399,90,53.8,-9.52,51.01,1.01
70,Carnarvon,41,ZA,1559779400,70,-30.97,22.13,41.63,8.25
71,Luderitz,22,NA,1559779401,82,-26.65,15.16,55.4,12.75
72,Hobart,75,AU,1559779276,58,-42.88,147.33,57.99,4.7
73,Puerto Ayora,20,EC,1559779403,61,-0.74,-90.35,80.6,16.11
74,Port Elizabeth,1,US,1559779405,88,39.31,-74.98,80.6,11.03
75,Usak,0,TR,1559779406,87,38.67,29.41,55.13,2.42
76,Ashqelon,0,IL,1559779407,69,31.67,34.57,81.0,5.82
77,Sorland,100,NO,1559779408,85,67.67,12.69,49.73,13.71
78,Egvekinot,100,RU,1559779409,77,66.32,-179.17,47.03,5.53
79,Canico,40,PT,1559779410,63,32.63,-16.85,66.2,10.29
80,Saint-Pierre,90,FR,1559779412,93,48.95,4.24,51.8,11.41
81,Methven,99,NZ,1559779413,59,-43.63,171.65,52.0,1.01
82,Margate,75,AU,1559779414,58,-43.03,147.26,57.99,4.7
83,Alofi,75,NU,1559779415,88,-19.06,-169.92,80.6,9.17
84,Cherskiy,94,RU,1559779416,31,68.75,161.3,43.79,6.31
85,Tasiilaq,0,GL,1559779408,60,65.61,-37.64,37.4,2.24
86,Kodiak,1,US,1559779418,68,39.95,-94.76,89.6,8.05
87,Gold Coast,100,AU,1559779419,55,-28.0,153.41,66.99,13.87
88,Mataura,87,NZ,1559779421,80,-46.19,168.86,47.39,9.91
89,Bethel,40,US,1559779422,62,60.79,-161.76,57.2,10.29
90,Nemuro,75,JP,1559779423,87,43.32,145.57,51.8,6.93
91,Samaipata,0,BO,1559779424,97,-18.18,-63.88,48.29,2.26
92,New Norfolk,75,AU,1559779426,58,-42.78,147.06,57.99,4.7
93,Kenai,1,US,1559779427,71,60.55,-151.26,66.99,8.05
94,Salvatierra,90,MX,1559779428,100,20.22,-100.88,62.6,5.35
95,Mahebourg,40,MU,1559779429,78,-20.41,57.7,72.0,19.46
96,Pyapon,100,MM,1559779430,80,16.29,95.68,83.03,3.42
97,Longyearbyen,90,NO,1559779431,80,78.22,15.63,33.8,11.41
98,Souillac,0,FR,1559779432,93,45.6,-0.6,53.6,1.12
99,Castro,90,CL,1559779434,100,-42.48,-73.76,48.2,16.11
100,Maltahohe,0,NA,1559779435,22,-24.83,16.98,52.97,2.24
101,Ribeira Grande,0,PT,1559779436,86,38.52,-28.7,64.67,16.67
102,Phuntsholing,40,IN,1559779437,80,26.86,89.38,69.71,2.39
103,Narsaq,100,GL,1559779438,54,60.91,-46.05,44.6,4.7
104,Alamosa,90,US,1559779439,71,37.47,-105.87,55.4,5.82
105,Vardo,1,US,1559779440,73,39.62,-77.74,75.99,5.82
106,Port Alfred,56,ZA,1559779442,78,-33.59,26.89,57.0,8.01
107,Broken Hill,75,AU,1559779443,81,-31.97,141.45,42.8,12.75
108,Te Anau,96,NZ,1559779384,92,-45.41,167.72,38.21,5.14
109,Cidreira,9,BR,1559779445,77,-30.17,-50.22,64.85,14.16
110,Baicheng,6,CN,1559779446,28,45.61,122.87,76.01,8.97
111,Victoria,75,BN,1559779264,88,5.28,115.24,82.4,5.84
112,Iranshahr,0,IR,1559779449,12,27.21,60.69,85.73,6.89
113,Ban Nahin,77,LA,1559779431,76,18.24,104.21,77.45,1.03
114,Nakhon Thai,20,TH,1559779451,94,17.1,100.84,78.8,2.24
115,Kruisfontein,66,ZA,1559779452,86,-34.0,24.73,51.53,13.47
116,Kapaa,40,US,1559779453,69,22.08,-159.32,82.4,14.99
117,Narrabri,0,AU,1559779454,70,-30.33,149.78,57.0,9.17
118,East London,100,ZA,1559779338,67,-33.02,27.91,49.91,3.6
119,Acapulco,75,MX,1559779298,74,16.86,-99.88,86.0,3.36
120,Sakaiminato,20,JP,1559779457,56,35.55,133.23,71.6,3.36
121,Karaton,20,ID,1559779459,83,-6.34,106.1,78.8,3.36
122,Sargatskoye,47,RU,1559779460,95,55.6,73.49,47.93,7.02
123,Kiruna,98,SE,1559779461,81,67.86,20.23,53.6,4.7
124,Darhan,99,MN,1559779462,79,49.49,105.92,46.67,10.47
125,Pisco,75,PE,1559779301,30,-13.71,-76.2,71.6,11.41
126,Ancud,90,CL,1559779464,100,-41.87,-73.83,48.2,16.11
127,Chokurdakh,0,RU,1559779465,42,70.62,147.9,42.17,6.08
128,Christchurch,57,NZ,1559779200,66,-43.53,172.64,53.01,8.05
129,Arraial do Cabo,96,BR,1559779467,66,-22.97,-42.02,71.51,7.96
130,Bad Salzungen,0,DE,1559779469,60,50.81,10.23,69.8,2.24
131,Khalkhal,78,IR,1559779470,70,37.62,48.53,57.29,3.13
132,Vao,0,EE,1559779471,82,59.1,26.19,63.41,4.32
133,Coihaique,75,CL,1559779315,81,-45.58,-72.07,44.6,6.93
134,Saint-Philippe,75,CA,1559779473,72,45.36,-73.48,62.6,3.36
135,Tiksi,0,RU,1559779474,73,71.64,128.87,33.17,8.52
136,La Palma,94,CO,1559779475,88,5.36,-74.39,72.77,2.66
137,Moses Lake,90,US,1559779268,38,47.13,-119.28,78.01,8.05
138,Semey,75,KZ,1559779478,88,50.41,80.25,62.6,11.18
139,Neverkino,0,RU,1559779479,84,52.79,46.74,54.95,3.71
140,Saint George,40,GR,1559779399,100,39.45,22.34,62.6,3.76
141,Barcelos,40,PT,1559779469,76,41.53,-8.62,57.99,3.36
142,Kavaratti,100,IN,1559779482,75,10.57,72.64,84.65,13.6
143,Cayenne,40,GF,1559779468,83,4.94,-52.33,80.6,3.36
144,Ottawa,75,CA,1559779355,77,45.42,-75.69,59.0,5.82
145,Maniitsoq,99,GL,1559779485,42,65.42,-52.9,51.53,5.61
146,Komsomolskiy,100,RU,1559779486,87,67.55,63.78,29.21,7.02
147,Clyde River,20,CA,1559779488,93,70.47,-68.59,37.4,12.75
148,Husavik,100,CA,1559779489,25,50.56,-96.99,70.0,7.11
149,Chicama,90,PE,1559779490,82,-7.84,-79.15,68.0,8.05
150,Ilulissat,5,GL,1559779488,60,69.22,-51.1,42.8,4.7
151,Lebu,20,ET,1559779489,72,8.96,38.73,59.0,4.7
152,Hailar,0,CN,1559779493,47,49.2,119.7,59.45,4.54
153,Shwebo,98,MM,1559779494,67,22.57,95.7,84.29,12.91
154,San Quintin,90,PH,1559779422,64,17.54,120.52,86.99,2.3
155,Naze,75,NG,1559779496,100,5.43,7.07,69.8,6.17
156,Chuy,96,UY,1559779498,72,-33.69,-53.46,64.49,18.12
157,Sitka,49,US,1559779499,33,37.17,-99.65,84.29,5.06
158,Ushuaia,0,AR,1559779480,75,-54.81,-68.31,41.0,8.39
159,Tigil,82,RU,1559779501,42,57.8,158.67,63.23,12.41
160,Buchanan,75,LR,1559779502,88,5.88,-10.05,78.8,6.6
161,Talnakh,0,RU,1559779503,80,69.49,88.39,39.2,15.66
162,Yellowknife,75,CA,1559779504,50,62.45,-114.38,51.8,14.99
163,Qinhuangdao,100,CN,1559779505,81,39.94,119.59,65.75,3.58
164,Dikson,0,RU,1559779507,91,73.51,80.55,31.19,2.44
165,Nkoteng,100,CM,1559779508,98,4.5,12.12,69.17,4.18
166,Goure,100,NE,1559779509,13,13.98,10.27,97.79,6.17
167,Norman Wells,75,CA,1559779510,66,65.28,-126.83,48.2,8.05
168,Tessalit,12,ML,1559779511,9,20.2,1.01,93.29,6.78
169,Lekoni,100,GA,1559779512,81,-1.58,14.26,73.67,4.9
170,Williams Lake,75,CA,1559779513,81,52.13,-122.14,51.8,5.82
171,Clifton,0,AU,1559779515,76,-27.93,151.91,59.0,1.12
172,Alterosa,0,BR,1559779516,95,-21.25,-46.14,53.15,5.41
173,Moerai,57,PF,1559779517,79,-22.43,-151.33,73.31,21.21
174,Gizo,0,IL,1559779518,69,31.8,34.94,81.0,5.82
175,Bad Voslau,0,AT,1559779519,82,47.97,16.21,66.99,9.17
176,Saskylakh,0,RU,1559779521,42,71.97,114.09,45.95,8.34
177,Tuatapere,78,NZ,1559779522,68,-46.13,167.69,50.81,31.52
178,Kavieng,73,PG,1559779523,73,-2.57,150.8,85.19,8.48
179,Mar del Plata,37,AR,1559779524,54,-46.43,-67.52,49.01,18.88
180,Bela,39,PK,1559779525,13,26.23,66.31,87.53,3.6
181,Mayumba,91,GA,1559779526,82,-3.44,10.65,74.93,5.53
182,Jumla,0,NP,1559779527,35,29.28,82.18,47.21,5.01
183,Gweta,0,BW,1559779528,31,-20.21,25.26,65.03,7.0
184,Port-Cartier,75,CA,1559779530,66,50.03,-66.88,51.8,4.7
185,Leningradskiy,41,RU,1559779531,88,69.38,178.42,34.61,4.14
186,Hobbs,40,US,1559779334,72,32.7,-103.14,71.6,43.62
187,Killam,83,CA,1559779533,58,52.79,-111.86,60.53,7.65
188,Guerrero Negro,3,MX,1559779534,87,27.97,-114.04,64.85,13.71
189,Baykit,18,RU,1559779535,44,61.68,96.39,62.33,2.15
190,Lorengau,98,PG,1559779381,71,-2.02,147.27,85.55,5.79
191,Tuxtla Chico,75,MX,1559779537,83,14.94,-92.17,86.0,2.24
192,Kosa,30,RU,1559779538,99,59.94,54.99,51.17,3.91
193,Kieta,97,PG,1559779540,71,-6.22,155.63,84.65,8.23
194,Raudeberg,53,NO,1559779532,87,61.99,5.14,55.0,11.41
195,Vila Franca do Campo,20,PT,1559779542,82,37.72,-25.43,62.6,14.99
196,Aklavik,40,CA,1559779543,41,68.22,-135.01,60.8,6.93
197,Kundiawa,98,PG,1559779544,92,-6.02,144.97,59.63,0.81
198,Esperance,20,TT,1559779545,74,10.24,-61.45,82.4,9.17
199,Lazarev,0,RU,1559779546,88,52.23,141.51,39.65,2.82
200,Chivolo,100,CO,1559779548,73,10.03,-74.62,81.77,0.56
201,Nanortalik,100,GL,1559779549,65,60.14,-45.24,40.55,22.19
202,Deloraine,85,CA,1559779550,50,49.18,-100.5,78.17,11.27
203,Ibb,0,YE,1559779551,70,13.97,44.18,70.79,1.59
204,Manakara,40,MG,1559779552,93,-22.14,48.01,66.65,1.97
205,Darnah,0,LY,1559779553,66,32.77,22.64,69.17,0.65
206,Urdoma,6,RU,1559779554,88,61.74,48.55,51.53,7.54
207,Keokuk,1,US,1559779555,83,40.4,-91.39,82.0,3.87
208,Nishihara,40,JP,1559779556,69,35.74,139.53,84.0,4.7
209,Omsukchan,53,RU,1559779558,55,62.53,155.8,50.09,12.24
210,Sydney,20,AU,1559779514,47,-33.85,151.22,59.0,9.17
211,Punta Alta,0,AR,1559779560,68,-27.46,-55.82,64.4,9.17
212,Kununurra,0,AU,1559779561,25,-15.77,128.74,62.6,14.99
213,Praia da Vitoria,75,PT,1559779416,82,38.73,-27.07,66.2,20.8
214,Poya,100,NC,1559779518,67,-21.35,165.16,72.95,13.58
215,Alyangula,100,AU,1559779564,60,-13.85,136.42,71.6,10.29
216,Opuwo,0,NA,1559779565,25,-18.06,13.84,58.19,4.07
217,Bambous Virieux,40,MU,1559779524,78,-20.34,57.76,72.0,19.46
218,Mujiayingzi,100,CN,1559779567,57,42.12,118.78,65.21,5.26
219,Khash,0,IR,1559779568,24,28.22,61.21,67.19,3.53
220,Trogir,21,HR,1559779570,82,43.52,16.25,66.0,5.82
221,Ternate,40,PH,1559779571,79,14.29,120.72,89.01,6.93
222,Beringovskiy,96,RU,1559779572,61,63.05,179.32,53.51,8.23
223,Dubna,0,RU,1559779573,90,56.76,37.14,56.93,3.4
224,Povenets,87,RU,1559779574,89,62.85,34.83,50.81,4.0
225,Tacoronte,75,ES,1559779575,82,28.48,-16.41,70.0,14.99
226,Srandakan,67,ID,1559779576,85,-7.94,110.25,78.35,6.76
227,Zhanaozen,54,KZ,1559779577,27,43.35,52.85,72.41,16.51
228,Amazar,20,RU,1559779487,63,53.86,120.88,62.87,4.79
229,Bonavista,64,CA,1559779580,69,48.65,-53.11,52.0,11.01
230,Peterhead,75,AU,1559779581,62,-34.83,138.5,55.99,3.36
231,Redlands,75,US,1559779582,34,34.06,-117.19,93.99,11.41
232,El Limon,100,VE,1559779583,79,10.3,-67.63,82.13,6.04
233,Hoquiam,90,US,1559779584,87,46.98,-123.89,59.0,12.75
234,Cranbrook,90,CA,1559779586,46,49.51,-115.76,71.6,18.34
235,Mildura,90,AU,1559779587,70,-34.18,142.16,48.99,4.7
236,Lasa,0,CY,1559779588,55,34.92,32.53,71.6,3.02
237,Vila Velha,20,BR,1559779415,74,-3.71,-38.6,82.4,8.05
238,Coquimbo,40,CL,1559779590,93,-29.95,-71.34,62.01,2.24
239,Alta Floresta,0,BR,1559779591,66,-9.87,-56.08,76.55,2.89
240,Hobyo,100,SO,1559779592,68,5.35,48.53,80.69,22.37
241,Sturgeon Falls,75,CA,1559779410,58,46.36,-79.93,59.0,4.7
242,Gorontalo,53,ID,1559779594,73,0.54,123.06,82.67,4.0
243,Ucluelet,75,CA,1559779420,82,48.94,-125.55,59.0,8.05
244,Nuevo Progreso,1,US,1559779597,58,26.05,-97.95,95.0,13.87
245,Port Hardy,75,CA,1559779598,59,50.7,-127.42,62.6,10.29
246,Yerbogachen,100,RU,1559779525,76,61.28,108.01,54.59,0.89
247,Tevaitoa,2,PF,1559779600,79,-16.78,-151.5,81.23,17.43
248,Zuwarah,0,LY,1559779601,34,32.93,12.08,82.31,11.56
249,Mount Isa,91,AU,1559779602,37,-20.73,139.49,55.4,14.99
250,Farah,0,AF,1559779495,23,32.37,62.11,79.07,7.81
251,Promyshlennyy,100,RU,1559779605,86,67.58,63.92,27.77,7.2
252,Semenivka,0,UA,1559779606,94,52.18,32.58,59.27,7.49
253,Presque Isle,20,US,1559779607,37,46.68,-68.02,66.2,8.05
254,Isangel,90,VU,1559779608,78,-19.55,169.27,78.8,9.17
255,Taoudenni,0,ML,1559779609,11,22.68,-3.98,97.25,7.61
256,Dickinson,1,US,1559779610,36,46.88,-102.79,81.0,20.8
257,Finschhafen,95,PG,1559779528,93,-6.6,147.85,66.29,2.44
258,Maryborough,100,AU,1559779612,60,-25.54,152.7,63.59,7.94
259,Vostok,90,RU,1559779554,79,46.45,135.83,63.77,3.27
260,Onda,4,ES,1559779615,67,39.96,-0.26,68.0,3.36
261,Avera,75,US,1559779485,94,33.19,-82.53,77.0,3.36
262,Bukama,0,CD,1559779617,54,-9.2,25.85,62.51,2.62
263,Fare,2,PF,1559779618,79,-16.7,-151.02,81.23,17.43
264,Sibolga,100,ID,1559779619,77,1.74,98.78,82.31,4.43
265,Zaozerne,82,UA,1559779620,95,51.37,23.94,60.89,5.64
266,Miracema do Tocantins,49,BR,1559779621,54,-9.56,-48.4,78.35,2.35
267,Eureka,75,US,1559779581,87,40.8,-124.16,62.01,14.99
268,Sheopur,0,IN,1559779624,18,25.67,76.7,96.53,6.24
269,Altayskoye,98,RU,1559779625,71,51.95,85.34,60.71,5.5
270,Fairbanks,40,US,1559779328,29,64.84,-147.72,72.0,6.93
271,Brae,21,GB,1559779627,87,60.4,-1.35,48.2,4.7
272,Cacheu,0,GW,1559779628,83,12.27,-16.16,78.8,4.7
273,Northam,20,GB,1559779629,87,51.04,-4.21,48.0,2.24
274,Mackay,75,CA,1559779630,81,53.65,-115.58,59.0,10.29
275,Nelson Bay,0,AU,1559779632,71,-32.72,152.14,55.99,14.99
276,Flinders,0,AU,1559779518,53,-34.58,150.85,61.0,8.05
277,Banepa,75,NP,1559779634,94,27.63,85.52,69.8,3.36
278,Labuhan,42,ID,1559779635,78,-2.54,115.51,80.33,1.03
279,Manzhouli,1,CN,1559779636,50,49.6,117.43,55.85,3.89
280,Roald,51,NO,1559779637,87,62.58,6.12,51.01,5.82
281,Mataram,65,ID,1559779638,97,-5.32,105.06,74.21,0.74
282,Bud,96,NO,1559779639,87,62.91,6.91,53.6,5.82
283,Plettenberg Bay,91,ZA,1559779640,91,-34.05,23.37,50.27,8.86
284,Mwanza,40,TZ,1559779642,77,-2.52,32.9,69.8,6.8
285,Lima,90,PE,1559779511,88,-12.06,-77.04,62.6,8.05
286,Sept-Iles,75,CA,1559779358,66,50.2,-66.38,51.8,4.7
287,Santiago del Estero,2,AR,1559779645,56,-27.8,-64.26,67.37,13.24
288,Sailana,0,IN,1559779646,44,23.46,74.92,90.05,12.8
289,Big Spring,1,US,1559779556,37,32.25,-101.48,87.8,5.77
290,Solnechnyy,2,RU,1559779648,53,50.72,136.64,65.75,4.29
291,Airai,87,TL,1559779649,59,-8.93,125.41,77.81,8.75
292,Chimoio,0,MZ,1559779650,87,-19.11,33.48,59.0,4.7
293,Laguna,5,MX,1559779652,51,27.52,-110.01,86.0,8.05
294,Ayan,1,TR,1559779653,93,40.67,33.6,52.07,2.08
295,Ouesso,79,CG,1559779654,97,1.61,16.05,71.69,2.26
296,Reconquista,0,AR,1559779655,83,-29.14,-59.64,63.77,10.92
297,Broome,100,GB,1559779656,87,52.47,1.45,54.0,5.14
298,High Rock,75,BS,1559779657,66,26.63,-78.28,84.2,9.17
299,Lusambo,0,CD,1559779659,53,-4.97,23.44,65.21,0.45
300,Maragogi,81,BR,1559779437,92,-9.01,-35.22,73.67,2.46
301,Aswan,6,EG,1559779661,16,24.09,32.9,96.8,17.22
302,Dzhebariki-Khaya,100,RU,1559779662,50,62.22,135.8,68.99,5.12
303,La Rioja,92,AR,1559779663,86,-29.41,-66.86,52.25,1.79
304,Vanimo,100,PG,1559779664,71,-2.67,141.3,83.21,4.97
305,Walvis Bay,0,NA,1559779665,93,-22.95,14.51,54.0,6.93
306,Burgeo,26,CA,1559779666,91,47.61,-57.61,44.15,15.41
307,Otuzco,90,PE,1559779667,82,-7.9,-78.57,68.0,8.05
308,Kamina,3,CD,1559779669,59,-8.74,25.0,58.01,4.36
309,Okhotsk,0,RU,1559779670,58,59.36,143.24,57.65,8.41
310,San Cristobal,75,EC,1559779671,68,-0.39,-78.55,64.4,10.29
311,Nobeoka,99,JP,1559779672,85,32.66,131.66,72.0,3.91
312,La Ronge,40,CA,1559779673,34,55.1,-105.3,66.2,12.75
313,Fuling,1,CN,1559779674,78,29.71,107.39,74.39,2.55
314,San Rafael,2,AR,1559779676,52,-34.61,-68.33,51.53,9.35
315,Saint-Augustin,20,FR,1559779678,93,44.83,-0.61,53.01,5.82
316,Mikhaylovka,56,RU,1559779679,64,52.96,103.29,55.31,6.06
317,Tabou,85,CI,1559779680,87,4.42,-7.36,75.83,2.91
318,Joao Pinheiro,0,BR,1559779681,68,-17.74,-46.17,62.15,7.94
319,Praya,40,ID,1559779682,100,-8.71,116.27,73.4,5.23
320,Anadyr,0,RU,1559779683,62,64.73,177.51,55.4,8.95
321,Acajutla,99,SV,1559779673,91,13.59,-89.83,78.01,5.23
322,Danshui,20,CN,1559779685,89,22.81,114.46,86.0,11.18
323,Haines Junction,85,CA,1559779687,33,60.75,-137.51,54.95,7.14
324,Evensk,28,RU,1559779688,50,61.92,159.24,56.57,6.15
325,Yunhe,100,CN,1559779689,85,28.12,119.57,75.29,5.19
326,Hualmay,53,PE,1559779542,88,-11.1,-77.61,62.69,15.23
327,Sayyan,2,YE,1559779691,43,15.17,44.32,74.75,0.18
328,Yumen,100,CN,1559779692,24,40.29,97.04,73.49,15.77
329,Thompson,75,CA,1559779693,67,55.74,-97.86,59.0,2.24
330,Paranhos,0,PY,1559779629,85,-23.89,-55.43,58.55,5.06
331,Benxi,100,CN,1559779696,78,41.29,123.76,71.6,6.71
332,Paso de Carrasco,0,UY,1559779619,67,-34.86,-56.05,62.01,9.17
333,Tiznit,0,MA,1559779528,79,29.7,-9.73,67.91,13.98
334,Wilmington,40,US,1559779535,65,39.75,-75.55,79.0,6.93
335,Mount Gambier,40,AU,1559779700,100,-37.83,140.78,51.8,9.17
336,Adrar,94,DZ,1559779701,11,27.87,-0.29,91.4,9.17
337,Faya,0,SA,1559779702,27,18.39,42.45,68.0,4.76
338,Mareeba,97,AU,1559779703,49,-16.99,145.42,68.0,19.46
339,Ostrovnoy,0,RU,1559779704,83,68.05,39.51,38.75,4.36
340,Bathsheba,20,BB,1559779705,74,13.22,-59.52,82.4,13.87
341,Magistralnyy,0,RU,1559779707,65,56.17,107.45,53.69,1.28
342,Mindelo,40,PT,1559779708,76,41.31,-8.72,57.99,3.36
343,Anori,70,BR,1559779709,96,-3.74,-61.66,74.93,1.97
344,Tautira,75,PF,1559779535,78,-17.73,-149.15,80.6,13.87
345,Adre,100,TD,1559779711,59,13.47,22.2,79.97,1.92
346,Sault Sainte Marie,75,CA,1559779712,72,46.49,-84.36,64.4,11.41
347,Tsabong,17,BW,1559779713,50,-26.02,22.4,56.21,6.93
348,Songling,20,CN,1559779714,78,31.19,120.72,87.01,17.9
349,Bilibino,82,RU,1559779715,31,68.06,166.44,47.57,7.78
350,Callaway,1,US,1559779495,29,46.98,-95.91,84.2,4.7
351,Adamas,0,GR,1559779718,88,36.73,24.43,68.0,6.93
352,Kota Belud,75,MY,1559779514,83,6.35,116.43,82.4,4.7
353,Mimongo,100,GA,1559779720,96,-1.62,11.6,69.53,3.83
354,Wattegama,98,LK,1559779721,86,7.35,80.68,73.49,2.98
355,Price,1,US,1559779722,21,39.6,-110.81,80.6,16.11
356,Kannapolis,1,US,1559779490,83,35.49,-80.62,81.0,6.93
357,Moratuwa,40,LK,1559779724,94,6.77,79.88,80.6,4.7
358,Bambanglipuro,67,ID,1559779725,85,-7.95,110.28,78.35,6.76
359,Nyanguge,40,TZ,1559779726,77,-2.54,33.2,69.8,6.02
360,Lavrentiya,19,RU,1559779728,49,65.58,-170.99,57.83,5.44
361,Savannah Bight,58,HN,1559779729,80,16.45,-85.85,84.29,24.61
362,Synya,96,RU,1559779730,67,65.37,58.04,48.65,5.1
363,Pacific Grove,1,US,1559779605,47,36.62,-121.92,87.01,18.34
364,Chipinge,0,ZW,1559779732,48,-20.19,32.62,56.93,4.9
365,Vestmannaeyjar,24,IS,1559779733,59,63.44,-20.27,48.47,20.13
366,Dryden,20,CA,1559779734,46,49.79,-92.84,69.8,11.41
367,Mayo,90,CA,1559779735,29,63.59,-135.9,62.6,5.82
368,Mandan,40,US,1559779478,50,46.83,-100.89,84.2,17.22
369,Belyy Yar,0,RU,1559779738,87,53.6,91.39,51.8,2.24
370,Aykhal,0,RU,1559779739,81,65.95,111.51,51.8,2.24
371,Romny,35,UA,1559779740,90,50.74,33.49,59.09,8.19
372,Praia,0,BR,1559779741,63,-20.25,-43.81,62.6,5.82
373,Codrington,3,AU,1559779742,71,-28.95,153.24,61.0,4.7
374,Kysyl-Syr,32,RU,1559779743,44,63.9,122.77,66.83,4.88
375,Ciudad Bolivar,100,VE,1559779745,55,8.12,-63.55,86.99,5.12
376,Saint Anthony,1,US,1559779517,31,43.97,-111.68,77.0,11.41
377,Urengoy,91,RU,1559779747,49,65.96,78.37,57.11,8.93
378,Prince Albert,40,CA,1559779705,26,53.2,-105.75,71.6,12.75
379,Itarema,48,BR,1559779749,83,-2.92,-39.92,78.17,7.14
380,Gornopravdinsk,67,RU,1559779750,57,60.06,69.92,58.01,5.91
381,Vila,0,IT,1559779751,46,45.18,8.4,71.01,4.7
382,Vilhena,0,BR,1559779755,88,-12.74,-60.15,71.6,5.82
383,Rawson,0,AR,1559779757,37,-43.3,-65.11,54.95,10.38
384,Saint-Francois,0,FR,1559779758,93,46.42,3.91,48.99,4.7
385,Turukhansk,43,RU,1559779759,72,65.8,87.96,53.15,5.79
386,Shahrud,79,IR,1559779760,54,36.42,54.97,51.71,1.81
387,Genhe,54,CN,1559779761,38,50.78,121.52,59.45,3.94
388,The Valley,20,AI,1559779762,78,18.22,-63.06,82.4,9.17
389,Khani,75,GE,1559779763,94,41.96,42.96,71.6,2.24
390,Maniwaki,100,CA,1559779764,70,46.38,-75.98,53.51,5.08
391,Fort-Shevchenko,70,KZ,1559779766,56,44.51,50.26,71.69,19.69
392,Dasoguz,0,TM,1559779767,30,41.84,59.97,69.8,6.93
393,Yeppoon,0,AU,1559779768,42,-23.13,150.74,66.2,9.17
394,Ishinomaki,40,JP,1559779769,83,38.42,141.3,71.6,5.82
395,Srednekolymsk,94,RU,1559779770,49,67.46,153.71,45.23,15.5
396,Tongchuan,80,CN,1559779771,100,34.9,108.95,60.8,2.24
397,Linqiong,40,CN,1559779772,73,30.42,103.46,75.2,2.24
398,Arcata,75,US,1559779773,87,40.87,-124.08,62.01,14.99
399,Graaff-Reinet,47,ZA,1559779775,48,-32.25,24.53,50.63,4.56
400,Jardim,0,BR,1559779641,77,-21.48,-56.15,59.63,6.46
401,Biak,100,ID,1559779777,99,-0.91,122.88,66.83,5.01
402,Oriximina,22,BR,1559779778,73,-1.77,-55.87,81.23,4.54
403,Padang,40,ID,1559779779,94,-0.92,100.36,77.0,2.24
404,Gulu,98,UG,1559779780,95,2.77,32.3,65.21,3.13
405,Yelizovo,75,RU,1559779781,81,53.19,158.38,48.2,4.47
406,Fortuna,0,ES,1559779783,37,38.18,-1.13,70.0,5.82
407,Manokwari,32,ID,1559779784,66,-0.87,134.08,80.51,4.18
408,Wanaka,85,NZ,1559779785,79,-44.7,169.14,40.55,9.04
409,Zaysan,57,KZ,1559779786,65,47.47,84.87,60.35,8.9
410,Payakumbuh,100,ID,1559779787,95,-0.23,100.63,68.45,2.77
411,Strezhevoy,0,RU,1559779788,58,60.73,77.6,59.0,8.95
412,Santo Domingo,75,DO,1559779547,78,18.48,-69.94,82.99,6.93
413,Iqaluit,90,CA,1559779791,70,63.75,-68.52,42.8,8.05
414,Sao Felix do Xingu,17,BR,1559779792,78,-6.64,-51.99,73.67,3.33
415,Jasper,99,US,1559779577,69,33.83,-87.28,84.2,7.16
416,Oussouye,0,SN,1559779795,88,12.49,-16.54,75.47,12.24
417,Catanzaro,0,IT,1559779796,87,38.91,16.6,68.0,6.93
418,Neiafu,20,TO,1559779797,78,-18.65,-173.98,80.6,9.17
419,Kampong Thum,100,KH,1559779798,72,12.71,104.89,83.75,1.16
420,Zhangjiakou,2,CN,1559779799,51,40.77,114.88,59.63,6.69
421,Namatanai,63,PG,1559779800,82,-3.66,152.44,81.77,8.43
422,Moelv,49,NO,1559779801,89,60.93,10.7,53.01,2.04
423,Skjeberg,26,NO,1559779803,93,59.21,11.19,57.0,3.36
424,Svetlogorsk,40,RU,1559779804,53,53.14,59.15,51.8,6.71
425,Caravelas,43,BR,1559779580,72,-17.73,-39.27,74.93,11.23
426,Pyinmana,98,MM,1559779806,86,19.74,96.21,76.37,6.91
427,Baruun-Urt,100,MN,1559779807,44,46.68,113.28,58.73,13.98
428,Barahona,40,DO,1559779808,112,18.21,-71.1,71.6,16.11
429,Zhigansk,33,RU,1559779809,55,66.77,123.37,61.97,8.86
430,Omboue,88,GA,1559779810,85,-1.57,9.26,75.65,10.31
431,Paita,39,PE,1559779811,92,-5.09,-81.11,67.01,16.06
432,Kapuskasing,75,CA,1559779683,47,49.42,-82.43,59.0,5.82
433,Muzhi,96,RU,1559779814,94,65.4,64.7,32.45,7.45
434,Boende,100,CD,1559779815,64,-0.28,20.88,71.15,1.86
435,Pokhara,13,NP,1559779816,63,28.21,83.99,56.57,1.9
436,Mikuni,75,JP,1559779817,72,36.22,136.15,68.0,2.24
437,Khovu-Aksy,0,RU,1559779818,55,51.13,93.72,54.23,4.41
438,Xining,18,CN,1559779819,59,36.62,101.77,51.53,1.36
439,Sambava,7,MG,1559779679,97,-14.27,50.17,64.13,4.25
440,Merauke,85,ID,1559779822,81,-8.49,140.4,80.87,26.78
441,Timizart,100,DZ,1559779823,77,36.8,4.25,68.45,2.86
442,Emerald,100,AU,1559779824,54,-23.53,148.16,57.99,16.11
443,Shubarshi,0,KZ,1559779825,74,48.59,57.19,55.13,10.47
444,Dolores,100,AR,1559779826,80,-36.31,-57.68,55.13,8.32
445,Elat,96,CM,1559779827,99,2.91,11.16,67.19,4.38
446,Petrovsk-Zabaykalskiy,99,RU,1559779829,56,51.27,108.84,48.83,5.39
447,Flin Flon,75,CA,1559779830,42,54.77,-101.88,66.2,12.75
448,Tucuman,0,PE,1559779831,51,-17.17,-70.89,58.91,1.97
449,Mago,62,RU,1559779832,80,53.27,140.15,45.77,0.69
450,Douglas,1,US,1559779833,10,31.34,-109.55,89.6,3.36
451,Kayes,6,ML,1559779834,18,14.44,-11.44,98.51,7.72
452,Grand-Santi,64,GF,1559779835,98,4.27,-54.38,73.31,2.04
453,Ilebo,0,CD,1559779837,53,-4.33,20.59,67.01,0.78
454,Kidal,88,ML,1559779838,9,18.44,1.41,93.65,6.82
455,Namibe,0,AO,1559779775,66,-15.19,12.15,71.51,6.15
456,Puerto Leguizamo,42,CO,1559779759,98,-0.19,-74.78,71.69,2.46
457,Capaci,0,IT,1559779841,72,38.17,13.24,70.0,2.24
458,Chumikan,100,RU,1559779842,80,54.72,135.31,47.21,5.82
459,San Antonio,90,CL,1559779845,100,-33.58,-71.61,57.2,4.7
460,Pangnirtung,99,CA,1559779846,34,66.15,-65.72,49.55,3.09
461,Arrifes,20,PT,1559779847,82,37.77,-25.7,62.6,14.99
462,Yaan,100,NG,1559779848,91,7.38,8.57,75.83,8.88
463,Port Augusta,40,AU,1559779849,93,-32.49,137.76,48.2,4.7
464,Luneville,90,FR,1559779850,87,48.6,6.5,55.99,14.99
465,Victoria,75,BN,1559779656,88,5.28,115.24,82.4,5.84
466,Isla Mujeres,40,MX,1559779853,74,21.23,-86.73,84.2,12.75
467,Lagoa,0,PT,1559779751,59,37.14,-8.45,61.0,13.87
468,Guider,100,CM,1559779855,68,9.93,13.94,76.01,11.63
469,Eyl,100,SO,1559779856,64,7.98,49.82,80.69,19.62
470,Castlemaine,1,IE,1559779857,72,52.17,-9.7,51.53,11.54
471,Boden,100,SE,1559779858,87,65.83,21.69,50.0,5.82
472,Kandrian,99,PG,1559779860,81,-6.21,149.55,80.15,9.1
473,Paso de los Toros,92,UY,1559779861,88,-32.81,-56.52,56.21,11.45
474,Camacha,40,PT,1559779862,63,33.08,-16.33,66.2,10.29
475,San Jose,100,PH,1559779807,58,15.79,120.99,86.27,7.72
476,Copiapo,75,CL,1559779865,76,-27.37,-70.33,53.6,6.93
477,Dawlatabad,0,AF,1559779866,30,36.41,64.91,74.39,6.93
478,Verkhoyansk,2,RU,1559779867,34,67.55,133.39,54.41,11.68
479,Kaberamaido,35,UG,1559779868,94,1.76,33.16,64.85,1.21
480,Hambantota,100,LK,1559779869,82,6.12,81.12,82.85,14.63
481,Les Cayes,9,HT,1559779871,80,18.19,-73.75,82.85,16.35
482,Skibbereen,75,IE,1559779872,87,51.55,-9.27,46.4,6.93
483,Constitucion,75,MX,1559779873,12,23.99,-104.67,86.0,18.97
484,Coari,83,BR,1559779874,95,-4.09,-63.14,75.11,1.05
485,Freeport,75,BS,1559779875,66,26.54,-78.7,84.2,9.17
486,Gat,20,SN,1559779876,83,14.69,-16.54,71.6,8.05
487,Yermakovskoye,8,RU,1559779878,78,53.28,92.4,52.97,6.96
488,San Pedro,98,AR,1559779666,82,-33.68,-59.66,60.01,1.01
489,Helena,1,US,1559779860,21,46.59,-112.04,79.0,12.75
490,Konstantinovka,100,MD,1559779882,90,47.99,28.86,59.0,5.37
491,Rengasdengklok,20,ID,1559779883,88,-6.16,107.3,80.01,7.78
492,Bossangoa,93,CF,1559779884,85,6.5,17.45,72.95,6.38
493,Quatre Cocos,40,MU,1559779885,78,-20.21,57.76,71.6,19.46
494,Kutum,100,SD,1559779886,48,14.2,24.66,80.33,10.63
495,Ulladulla,0,AU,1559779887,53,-35.36,150.48,54.0,8.05
496,Conde,29,BR,1559779622,92,-11.81,-37.61,71.33,3.78
497,Taltal,91,CL,1559779889,68,-25.41,-70.49,61.07,5.23
498,Verkhnyaya Inta,57,RU,1559779891,69,65.99,60.32,46.85,5.61
499,Tekeli,100,KZ,1559779892,63,44.86,78.76,63.05,12.1
500,Marawi,100,PH,1559779893,87,8.0,124.29,78.01,5.01
501,Muhos,91,FI,1559779894,63,64.81,26.0,60.8,6.93
502,Loandjili,20,CG,1559779895,100,-4.77,11.87,73.4,4.7
503,Riyadh,0,SA,1559779896,15,24.63,46.72,82.4,3.36
504,Kodinsk,49,RU,1559779897,46,58.6,99.18,63.23,2.68
505,Sharjah,0,AE,1559779626,37,25.36,55.39,93.2,2.24
506,Cassia,1,US,1559779899,70,28.89,-81.47,87.8,13.87
507,Shushtar,0,IR,1559779901,10,32.05,48.86,97.25,4.27
508,Luanda,75,AO,1559779902,88,-8.83,13.24,73.4,3.36
509,Orkney,0,ZA,1559779903,72,-26.98,26.67,44.69,0.6
510,Champerico,90,MX,1559779904,65,16.38,-93.6,82.4,11.41
511,Lompoc,75,US,1559779905,82,34.64,-120.46,75.0,5.82
512,Murgab,52,TM,1559779906,39,37.5,61.97,80.6,4.7
513,Gull Lake,20,CA,1559779907,23,50.1,-108.48,73.4,9.17
514,Wum,100,CM,1559779909,98,6.39,10.08,66.11,2.57
515,Konya,0,TR,1559779910,41,37.87,32.48,57.2,3.36
516,Sayat,75,TM,1559779911,50,38.78,63.88,78.8,6.93
517,Najran,0,SA,1559779912,18,17.54,44.22,80.6,6.93
518,Imbituba,40,BR,1559779708,88,-28.24,-48.67,62.6,2.24
519,Lichinga,40,MZ,1559779914,87,-13.3,35.25,57.2,6.93
520,Hauterive,0,FR,1559779915,87,46.09,3.45,48.2,3.36
521,Seoul,20,KR,1559779754,77,37.57,126.98,71.6,1.12
522,Loreto,0,PY,1559779918,86,-23.27,-57.32,62.33,5.59
523,Muncar,58,ID,1559779919,89,-8.43,114.34,74.03,2.91
524,Toccoa,40,US,1559779920,83,34.58,-83.33,78.8,3.53
525,Ko Samui,20,TH,1559779921,83,9.54,99.94,82.4,2.24
526,Ugoofaaru,100,MV,1559779922,75,5.67,73.0,84.47,17.9
527,Cockburn Town,0,TC,1559779785,79,21.46,-71.14,81.77,11.92
528,Shaunavon,48,CA,1559779925,27,49.65,-108.41,72.41,5.86
529,Inirida,50,CO,1559779926,91,3.87,-67.92,76.55,1.3
530,Limbang,75,BN,1559779927,88,4.75,115.01,82.4,3.36
531,Zharkent,87,KZ,1559779928,78,44.17,80.0,47.39,1.16
